<img src="images/empty.gif" onload="doScrollTop(); this.parentNode.removeChild(this);" />

<div id="csAssignmentTitle" align="center">Transpose</div>

<div id="csContent"> 
<h1>Directions</h1>
  <p>Create a 5 x 5 matrix filled with random numbers in the range of -100 to 100. Print the orginal matrix and its transpose
     with appropriate labels as shown.</p>
  <p>The transpose of a two-dimensional array (matrix) is obtained by interchanging rows and columns. 
     Thus, Row 0 of the original becomes Column 0 of the transpose, Row 1 of the original becomes Column 1 of the transpose,
	 and so on.</p>
 
<h1>Source File</h1>
<p>Transpose.java</p>
<h1>Sample Run</h1>
<div id="csSampleRun">
<pre>
Original Matrix
45 67 89 12 -3
-3 -6 -7 -4 -9
96 81 -8 52 12
14 -7 72 29 -1
19 43 28 63 87

Transpose
45 -3 96 14 19
67 -6 81 -7 43
89 -7 -8 72 28
12 -4 52 29 63
-3 -9 12 -1 87
</pre>
</div>
	<br>
</div>	

